1.5 30.5 3.39831
1.5 31.5 5.72121
1.5 32.5 7.33663
1.5 33.5 8.47644
1.5 34.5 9.2885
1.5 35.5 9.86816
1.5 36.5 10.2773
1.5 37.5 10.5559
1.5 38.5 10.7293
1.5 39.5 10.8126
1.5 40.5 10.8126
1.5 41.5 10.7293
1.5 42.5 10.5559
1.5 43.5 10.2773
1.5 44.5 9.86816
1.5 45.5 9.2885
1.5 46.5 8.47644
1.5 47.5 7.33663
1.5 48.5 5.72121
1.5 49.5 3.39831
4.5 30.5 1.47539
4.5 31.5 2.80965
4.5 32.5 3.95385
4.5 33.5 4.90255
4.5 34.5 5.66873
4.5 35.5 6.27128
4.5 36.5 6.72902
4.5 37.5 7.058
4.5 38.5 7.2705
4.5 39.5 7.37472
4.5 40.5 7.37471
4.5 41.5 7.2705
4.5 42.5 7.05799
4.5 43.5 6.72901
4.5 44.5 6.27127
4.5 45.5 5.66872
4.5 46.5 4.90254
4.5 47.5 3.95385
4.5 48.5 2.80965
4.5 49.5 1.47539
7.5 30.5 0.822624
7.5 31.5 1.60863
7.5 32.5 2.33063
7.5 33.5 2.97134
7.5 34.5 3.52158
7.5 35.5 3.97774
7.5 36.5 4.33955
7.5 37.5 4.60843
7.5 38.5 4.78628
7.5 39.5 4.87475
7.5 40.5 4.87474
7.5 41.5 4.78627
7.5 42.5 4.60842
7.5 43.5 4.33953
7.5 44.5 3.97772
7.5 45.5 3.52156
7.5 46.5 2.97133
7.5 47.5 2.33062
7.5 48.5 1.60862
7.5 49.5 0.822619
10.5 30.5 0.499424
10.5 31.5 0.983642
10.5 32.5 1.43903
10.5 33.5 1.8544
10.5 34.5 2.2212
10.5 35.5 2.53329
10.5 36.5 2.78648
10.5 37.5 2.97811
10.5 38.5 3.10657
10.5 39.5 3.17098
10.5 40.5 3.17098
10.5 41.5 3.10655
10.5 42.5 2.97808
10.5 43.5 2.78644
10.5 44.5 2.53324
10.5 45.5 2.22116
10.5 46.5 1.85436
10.5 47.5 1.43899
10.5 48.5 0.983616
10.5 49.5 0.49941
13.5 30.5 0.313077
13.5 31.5 0.618132
13.5 32.5 0.907574
13.5 33.5 1.17458
13.5 34.5 1.41328
13.5 35.5 1.61886
13.5 36.5 1.78749
13.5 37.5 1.9163
13.5 38.5 2.00325
13.5 39.5 2.04703
13.5 40.5 2.04702
13.5 41.5 2.0032
13.5 42.5 1.91623
13.5 43.5 1.7874
13.5 44.5 1.61875
13.5 45.5 1.41317
13.5 46.5 1.17448
13.5 47.5 0.907488
13.5 48.5 0.618069
13.5 49.5 0.313044
16.5 30.5 0.198931
16.5 31.5 0.393136
16.5 32.5 0.578059
16.5 33.5 0.749456
16.5 34.5 0.903511
16.5 35.5 1.03692
16.5 36.5 1.14691
16.5 37.5 1.23129
16.5 38.5 1.28843
16.5 39.5 1.31725
16.5 40.5 1.31721
16.5 41.5 1.28832
16.5 42.5 1.23112
16.5 43.5 1.14669
16.5 44.5 1.03667
16.5 45.5 0.903253
16.5 46.5 0.749212
16.5 47.5 0.577853
16.5 48.5 0.392987
16.5 49.5 0.198852
19.5 30.5 0.12731
19.5 31.5 0.251687
19.5 32.5 0.37028
19.5 33.5 0.480403
19.5 34.5 0.579597
19.5 35.5 0.665686
19.5 36.5 0.736812
19.5 37.5 0.791467
19.5 38.5 0.82851
19.5 39.5 0.847178
19.5 40.5 0.847091
19.5 41.5 0.828256
19.5 42.5 0.791066
19.5 43.5 0.736295
19.5 44.5 0.665095
19.5 45.5 0.578982
19.5 46.5 0.479817
19.5 47.5 0.369779
19.5 48.5 0.251321
19.5 49.5 0.127117
22.5 30.5 0.0820961
22.5 31.5 0.162286
22.5 32.5 0.238731
22.5 33.5 0.309708
22.5 34.5 0.373639
22.5 35.5 0.429121
22.5 36.5 0.474952
22.5 37.5 0.510148
22.5 38.5 0.533964
22.5 39.5 0.545897
22.5 40.5 0.545703
22.5 41.5 0.533392
22.5 42.5 0.509238
22.5 43.5 0.473763
22.5 44.5 0.427741
22.5 45.5 0.372175
22.5 46.5 0.308288
22.5 47.5 0.237491
22.5 48.5 0.16136
22.5 49.5 0.0815986
25.5 30.5 0.0540395
25.5 31.5 0.106582
25.5 32.5 0.156402
25.5 33.5 0.202431
25.5 34.5 0.243717
25.5 35.5 0.279415
25.5 36.5 0.308798
25.5 37.5 0.331265
25.5 38.5 0.346358
25.5 39.5 0.35377
25.5 40.5 0.353355
25.5 41.5 0.345132
25.5 42.5 0.329285
25.5 43.5 0.306163
25.5 44.5 0.276273
25.5 45.5 0.24027
25.5 46.5 0.198944
25.5 47.5 0.153207
25.5 48.5 0.104069
25.5 49.5 0.0526191
28.5 30.5 0.0394546
28.5 31.5 0.0753825
28.5 32.5 0.108191
28.5 33.5 0.137844
28.5 34.5 0.164082
28.5 35.5 0.186551
28.5 36.5 0.204884
28.5 37.5 0.21875
28.5 38.5 0.227879
28.5 39.5 0.232086
28.5 40.5 0.231283
28.5 41.5 0.225484
28.5 42.5 0.214808
28.5 43.5 0.19948
28.5 44.5 0.179825
28.5 45.5 0.156264
28.5 46.5 0.129304
28.5 47.5 0.0995289
28.5 48.5 0.0675839
28.5 49.5 0.0341647
31.5 0.5 0.000220777
31.5 1.5 0.000442568
31.5 2.5 0.000666423
31.5 3.5 0.000893466
31.5 4.5 0.00112493
31.5 5.5 0.00136222
31.5 6.5 0.00160692
31.5 7.5 0.00186092
31.5 8.5 0.00212642
31.5 9.5 0.00240608
31.5 10.5 0.00270307
31.5 11.5 0.00302127
31.5 12.5 0.00336542
31.5 13.5 0.00374136
31.5 14.5 0.00415636
31.5 15.5 0.00461954
31.5 16.5 0.00514243
31.5 17.5 0.00573982
31.5 18.5 0.00643082
31.5 19.5 0.00724048
31.5 20.5 0.00820211
31.5 21.5 0.00936055
31.5 22.5 0.0107772
31.5 23.5 0.0125376
31.5 24.5 0.0147624
31.5 25.5 0.0176256
31.5 26.5 0.0213819
31.5 27.5 0.0264103
31.5 28.5 0.0332852
31.5 29.5 0.0428911
31.5 30.5 0.0566106
31.5 31.5 0.0722538
31.5 32.5 0.0883839
31.5 33.5 0.103999
31.5 34.5 0.118361
31.5 35.5 0.130903
31.5 36.5 0.141186
31.5 37.5 0.148867
31.5 38.5 0.153693
31.5 39.5 0.155493
31.5 40.5 0.154176
31.5 41.5 0.149726
31.5 42.5 0.142202
31.5 43.5 0.131738
31.5 44.5 0.118532
31.5 45.5 0.102849
31.5 46.5 0.0850068
31.5 47.5 0.0653761
31.5 48.5 0.0443668
31.5 49.5 0.0224204
34.5 0.5 0.000432425
34.5 1.5 0.000866556
34.5 2.5 0.00130416
34.5 3.5 0.00174712
34.5 4.5 0.00219751
34.5 5.5 0.00265765
34.5 6.5 0.00313021
34.5 7.5 0.00361829
34.5 8.5 0.00412549
34.5 9.5 0.00465611
34.5 10.5 0.00521525
34.5 11.5 0.00580901
34.5 12.5 0.00644471
34.5 13.5 0.00713118
34.5 14.5 0.00787914
34.5 15.5 0.0087016
34.5 16.5 0.00961445
34.5 17.5 0.0106371
34.5 18.5 0.0117936
34.5 19.5 0.0131134
34.5 20.5 0.0146328
34.5 21.5 0.016397
34.5 22.5 0.0184615
34.5 23.5 0.0208947
34.5 24.5 0.0237793
34.5 25.5 0.0272144
34.5 26.5 0.031314
34.5 27.5 0.0362014
34.5 28.5 0.0419926
34.5 29.5 0.0487598
34.5 30.5 0.0564526
34.5 31.5 0.0647433
34.5 32.5 0.0732123
34.5 33.5 0.0814333
34.5 34.5 0.0890114
34.5 35.5 0.0955988
34.5 36.5 0.1009
34.5 37.5 0.104676
34.5 38.5 0.10674
34.5 39.5 0.106962
34.5 40.5 0.105265
34.5 41.5 0.101625
34.5 42.5 0.0960667
34.5 43.5 0.0886655
34.5 44.5 0.0795414
34.5 45.5 0.0688561
34.5 46.5 0.0568091
34.5 47.5 0.043632
34.5 48.5 0.0295831
34.5 49.5 0.0149415
37.5 0.5 0.000628717
37.5 1.5 0.0012593
37.5 2.5 0.00189368
37.5 3.5 0.00253392
37.5 4.5 0.00318229
37.5 5.5 0.00384132
37.5 6.5 0.00451393
37.5 7.5 0.00520346
37.5 8.5 0.0059138
37.5 9.5 0.00664951
37.5 10.5 0.00741591
37.5 11.5 0.00821928
37.5 12.5 0.00906698
37.5 13.5 0.00996765
37.5 14.5 0.0109314
37.5 15.5 0.0119702
37.5 16.5 0.0130978
37.5 17.5 0.0143305
37.5 18.5 0.015687
37.5 19.5 0.0171889
37.5 20.5 0.0188608
37.5 21.5 0.0207305
37.5 22.5 0.0228286
37.5 23.5 0.0251879
37.5 24.5 0.027842
37.5 25.5 0.0308229
37.5 26.5 0.0341566
37.5 27.5 0.0378572
37.5 28.5 0.0419173
37.5 29.5 0.0462974
37.5 30.5 0.0509131
37.5 31.5 0.0556288
37.5 32.5 0.0602725
37.5 33.5 0.0646536
37.5 34.5 0.0685794
37.5 35.5 0.0718664
37.5 36.5 0.0743492
37.5 37.5 0.0758867
37.5 38.5 0.0763657
37.5 39.5 0.0757032
37.5 40.5 0.0738484
37.5 41.5 0.0707824
37.5 42.5 0.0665183
37.5 43.5 0.0611
37.5 44.5 0.0546005
37.5 45.5 0.04712
37.5 46.5 0.0387825
37.5 47.5 0.0297332
37.5 48.5 0.0201344
37.5 49.5 0.0101618
40.5 0.5 0.000808221
40.5 1.5 0.00161788
40.5 2.5 0.00243046
40.5 3.5 0.00324758
40.5 4.5 0.00407103
40.5 5.5 0.00490285
40.5 6.5 0.00574537
40.5 7.5 0.00660131
40.5 8.5 0.00747383
40.5 9.5 0.0083666
40.5 10.5 0.00928389
40.5 11.5 0.0102306
40.5 12.5 0.0112126
40.5 13.5 0.0122361
40.5 14.5 0.0133088
40.5 15.5 0.0144389
40.5 16.5 0.0156358
40.5 17.5 0.0169097
40.5 18.5 0.0182718
40.5 19.5 0.0197341
40.5 20.5 0.0213089
40.5 21.5 0.0230086
40.5 22.5 0.0248449
40.5 23.5 0.0268277
40.5 24.5 0.0289639
40.5 25.5 0.0312558
40.5 26.5 0.0336982
40.5 27.5 0.0362762
40.5 28.5 0.0389627
40.5 29.5 0.0417149
40.5 30.5 0.0444735
40.5 31.5 0.0471631
40.5 32.5 0.049695
40.5 33.5 0.0519726
40.5 34.5 0.0538968
40.5 35.5 0.055371
40.5 36.5 0.0563064
40.5 37.5 0.0566251
40.5 38.5 0.0562638
40.5 39.5 0.0551756
40.5 40.5 0.0533319
40.5 41.5 0.0507228
40.5 42.5 0.0473577
40.5 43.5 0.0432646
40.5 44.5 0.0384898
40.5 45.5 0.0330964
40.5 46.5 0.0271625
40.5 47.5 0.0207797
40.5 48.5 0.0140502
40.5 49.5 0.00708477
43.5 0.5 0.000974816
43.5 1.5 0.0019501
43.5 2.5 0.00292638
43.5 3.5 0.00390427
43.5 4.5 0.00488451
43.5 5.5 0.00586805
43.5 6.5 0.00685606
43.5 7.5 0.00784998
43.5 8.5 0.00885158
43.5 9.5 0.00986298
43.5 10.5 0.0108867
43.5 11.5 0.0119256
43.5 12.5 0.0129831
43.5 13.5 0.0140629
43.5 14.5 0.0151693
43.5 15.5 0.0163068
43.5 16.5 0.0174803
43.5 17.5 0.0186948
43.5 18.5 0.0199553
43.5 19.5 0.0212666
43.5 20.5 0.022633
43.5 21.5 0.0240577
43.5 22.5 0.0255422
43.5 23.5 0.0270862
43.5 24.5 0.0286859
43.5 25.5 0.030334
43.5 26.5 0.0320181
43.5 27.5 0.0337204
43.5 28.5 0.0354162
43.5 29.5 0.0370741
43.5 30.5 0.0386557
43.5 31.5 0.0401162
43.5 32.5 0.0414062
43.5 33.5 0.042473
43.5 34.5 0.0432634
43.5 35.5 0.043726
43.5 36.5 0.0438132
43.5 37.5 0.0434835
43.5 38.5 0.0427033
43.5 39.5 0.0414481
43.5 40.5 0.0397041
43.5 41.5 0.037468
43.5 42.5 0.0347483
43.5 43.5 0.0315645
43.5 44.5 0.027947
43.5 45.5 0.0239367
43.5 46.5 0.0195836
43.5 47.5 0.014946
43.5 48.5 0.0100887
43.5 49.5 0.00508216
46.5 0.5 0.00113716
46.5 1.5 0.00227341
46.5 2.5 0.00340787
46.5 3.5 0.00453973
46.5 4.5 0.00566831
46.5 5.5 0.00679303
46.5 6.5 0.00791351
46.5 7.5 0.00902956
46.5 8.5 0.0101412
46.5 9.5 0.0112487
46.5 10.5 0.0123525
46.5 11.5 0.0134535
46.5 12.5 0.0145525
46.5 13.5 0.0156508
46.5 14.5 0.0167499
46.5 15.5 0.017851
46.5 16.5 0.0189558
46.5 17.5 0.0200655
46.5 18.5 0.0211813
46.5 19.5 0.0223038
46.5 20.5 0.0234329
46.5 21.5 0.0245675
46.5 22.5 0.0257054
46.5 23.5 0.0268424
46.5 24.5 0.0279726
46.5 25.5 0.0290873
46.5 26.5 0.0301754
46.5 27.5 0.0312225
46.5 28.5 0.0322111
46.5 29.5 0.0331206
46.5 30.5 0.0339272
46.5 31.5 0.0346048
46.5 32.5 0.0351255
46.5 33.5 0.0354604
46.5 34.5 0.035581
46.5 35.5 0.0354598
46.5 36.5 0.0350722
46.5 37.5 0.0343968
46.5 38.5 0.0334169
46.5 39.5 0.0321211
46.5 40.5 0.030504
46.5 41.5 0.0285664
46.5 42.5 0.026316
46.5 43.5 0.0237669
46.5 44.5 0.0209401
46.5 45.5 0.0178622
46.5 46.5 0.0145659
46.5 47.5 0.0110885
46.5 48.5 0.00747153
46.5 49.5 0.00375975
49.5 0.5 0.00130772
49.5 1.5 0.00261281
49.5 2.5 0.0039127
49.5 3.5 0.00520484
49.5 4.5 0.00648678
49.5 5.5 0.00775621
49.5 6.5 0.00901091
49.5 7.5 0.0102488
49.5 8.5 0.0114682
49.5 9.5 0.0126671
49.5 10.5 0.0138443
49.5 11.5 0.0149984
49.5 12.5 0.0161282
49.5 13.5 0.0172328
49.5 14.5 0.0183112
49.5 15.5 0.0193627
49.5 16.5 0.0203865
49.5 17.5 0.0213816
49.5 18.5 0.022347
49.5 19.5 0.0232813
49.5 20.5 0.0241827
49.5 21.5 0.0250486
49.5 22.5 0.0258761
49.5 23.5 0.0266609
49.5 24.5 0.0273979
49.5 25.5 0.0280806
49.5 26.5 0.0287014
49.5 27.5 0.0292509
49.5 28.5 0.0297187
49.5 29.5 0.0300927
49.5 30.5 0.0303598
49.5 31.5 0.030506
49.5 32.5 0.0305168
49.5 33.5 0.0303773
49.5 34.5 0.0300735
49.5 35.5 0.029592
49.5 36.5 0.0289209
49.5 37.5 0.0280506
49.5 38.5 0.0269739
49.5 39.5 0.0256865
49.5 40.5 0.0241877
49.5 41.5 0.0224804
49.5 42.5 0.020571
49.5 43.5 0.0184701
49.5 44.5 0.0161919
49.5 45.5 0.013754
49.5 46.5 0.0111777
49.5 47.5 0.00848684
49.5 48.5 0.00570786
49.5 49.5 0.00286905
52.5 0.5 0.00150187
52.5 1.5 0.00299914
52.5 2.5 0.00448724
52.5 3.5 0.00596167
52.5 4.5 0.00741799
52.5 5.5 0.00885188
52.5 6.5 0.0102592
52.5 7.5 0.0116358
52.5 8.5 0.0129779
52.5 9.5 0.0142819
52.5 10.5 0.0155443
52.5 11.5 0.0167617
52.5 12.5 0.0179312
52.5 13.5 0.0190498
52.5 14.5 0.020115
52.5 15.5 0.0211242
52.5 16.5 0.0220751
52.5 17.5 0.0229653
52.5 18.5 0.0237928
52.5 19.5 0.0245554
52.5 20.5 0.0252507
52.5 21.5 0.0258766
52.5 22.5 0.0264305
52.5 23.5 0.0269098
52.5 24.5 0.0273114
52.5 25.5 0.0276321
52.5 26.5 0.0278681
52.5 27.5 0.0280156
52.5 28.5 0.02807
52.5 29.5 0.0280266
52.5 30.5 0.0278805
52.5 31.5 0.0276265
52.5 32.5 0.0272594
52.5 33.5 0.026774
52.5 34.5 0.0261657
52.5 35.5 0.0254299
52.5 36.5 0.024563
52.5 37.5 0.0235623
52.5 38.5 0.0224263
52.5 39.5 0.0211546
52.5 40.5 0.0197489
52.5 41.5 0.0182123
52.5 42.5 0.01655
52.5 43.5 0.0147695
52.5 44.5 0.0128798
52.5 45.5 0.0108924
52.5 46.5 0.00882031
52.5 47.5 0.00667834
52.5 48.5 0.00448265
52.5 49.5 0.00225053
55.5 0.5 0.00173739
55.5 1.5 0.00346796
55.5 2.5 0.00518489
55.5 3.5 0.00688147
55.5 4.5 0.00855103
55.5 5.5 0.0101871
55.5 6.5 0.0117832
55.5 7.5 0.0133333
55.5 8.5 0.0148313
55.5 9.5 0.0162714
55.5 10.5 0.0176483
55.5 11.5 0.0189566
55.5 12.5 0.0201915
55.5 13.5 0.0213483
55.5 14.5 0.0224227
55.5 15.5 0.0234108
55.5 16.5 0.024309
55.5 17.5 0.0251141
55.5 18.5 0.0258232
55.5 19.5 0.0264339
55.5 20.5 0.0269442
55.5 21.5 0.0273522
55.5 22.5 0.0276569
55.5 23.5 0.0278574
55.5 24.5 0.0279534
55.5 25.5 0.027945
55.5 26.5 0.0278326
55.5 27.5 0.0276175
55.5 28.5 0.0273011
55.5 29.5 0.0268852
55.5 30.5 0.0263723
55.5 31.5 0.0257649
55.5 32.5 0.0250659
55.5 33.5 0.0242782
55.5 34.5 0.0234045
55.5 35.5 0.0224475
55.5 36.5 0.0214095
55.5 37.5 0.0202927
55.5 38.5 0.0190988
55.5 39.5 0.0178298
55.5 40.5 0.0164876
55.5 41.5 0.0150747
55.5 42.5 0.0135943
55.5 43.5 0.0120504
55.5 44.5 0.0104479
55.5 45.5 0.00879277
55.5 46.5 0.0070919
55.5 47.5 0.0053532
55.5 48.5 0.00358534
55.5 49.5 0.00179768
58.5 0.5 0.00203439
58.5 1.5 0.00405943
58.5 2.5 0.00606583
58.5 3.5 0.00804433
58.5 4.5 0.00998583
58.5 5.5 0.0118813
58.5 6.5 0.013722
58.5 7.5 0.0154993
58.5 8.5 0.0172049
58.5 9.5 0.0188308
58.5 10.5 0.0203692
58.5 11.5 0.0218127
58.5 12.5 0.0231545
58.5 13.5 0.024388
58.5 14.5 0.0255071
58.5 15.5 0.0265065
58.5 16.5 0.0273811
58.5 17.5 0.0281266
58.5 18.5 0.0287395
58.5 19.5 0.029217
58.5 20.5 0.0295569
58.5 21.5 0.0297583
58.5 22.5 0.0298209
58.5 23.5 0.0297459
58.5 24.5 0.0295353
58.5 25.5 0.0291926
58.5 26.5 0.0287226
58.5 27.5 0.0281314
58.5 28.5 0.0274267
58.5 29.5 0.0266176
58.5 30.5 0.0257143
58.5 31.5 0.0247282
58.5 32.5 0.0236713
58.5 33.5 0.0225556
58.5 34.5 0.021393
58.5 35.5 0.0201937
58.5 36.5 0.0189661
58.5 37.5 0.0177163
58.5 38.5 0.0164481
58.5 39.5 0.0151632
58.5 40.5 0.0138622
58.5 41.5 0.0125448
58.5 42.5 0.0112104
58.5 43.5 0.0098588
58.5 44.5 0.00848994
58.5 45.5 0.00710456
58.5 46.5 0.00570402
58.5 47.5 0.00429039
58.5 48.5 0.00286633
58.5 49.5 0.00143502
61.5 0.5 0.00241548
61.5 1.5 0.00481878
61.5 2.5 0.00719775
61.5 3.5 0.00954033
61.5 4.5 0.0118346
61.5 5.5 0.0140688
61.5 6.5 0.0162313
61.5 7.5 0.0183108
61.5 8.5 0.0202965
61.5 9.5 0.0221774
61.5 10.5 0.0239435
61.5 11.5 0.0255849
61.5 12.5 0.0270922
61.5 13.5 0.0284566
61.5 14.5 0.02967
61.5 15.5 0.0307249
61.5 16.5 0.0316144
61.5 17.5 0.0323328
61.5 18.5 0.0328751
61.5 19.5 0.0332374
61.5 20.5 0.033417
61.5 21.5 0.0334126
61.5 22.5 0.0332244
61.5 23.5 0.0328544
61.5 24.5 0.0323063
61.5 25.5 0.0315862
61.5 26.5 0.0307026
61.5 27.5 0.0296667
61.5 28.5 0.0284926
61.5 29.5 0.0271976
61.5 30.5 0.0258019
61.5 31.5 0.0243289
61.5 32.5 0.0228047
61.5 33.5 0.0212565
61.5 34.5 0.0197115
61.5 35.5 0.0181941
61.5 36.5 0.0167225
61.5 37.5 0.0153062
61.5 38.5 0.0139471
61.5 39.5 0.012642
61.5 40.5 0.0113846
61.5 41.5 0.0101672
61.5 42.5 0.00898214
61.5 43.5 0.0078221
61.5 44.5 0.00668073
61.5 45.5 0.00555276
61.5 46.5 0.00443404
61.5 47.5 0.0033214
61.5 48.5 0.00221252
61.5 49.5 0.00110579
64.5 0.5 0.00290625
64.5 1.5 0.00579709
64.5 2.5 0.00865718
64.5 3.5 0.0114712
64.5 4.5 0.0142242
64.5 5.5 0.016901
64.5 6.5 0.0194871
64.5 7.5 0.021968
64.5 8.5 0.0243296
64.5 9.5 0.0265582
64.5 10.5 0.0286405
64.5 11.5 0.0305637
64.5 12.5 0.0323157
64.5 13.5 0.0338847
64.5 14.5 0.0352598
64.5 15.5 0.0364308
64.5 16.5 0.0373884
64.5 17.5 0.0381241
64.5 18.5 0.0386307
64.5 19.5 0.0389019
64.5 20.5 0.0389332
64.5 21.5 0.0387212
64.5 22.5 0.0382649
64.5 23.5 0.0375651
64.5 24.5 0.0366251
64.5 25.5 0.0354513
64.5 26.5 0.0340535
64.5 27.5 0.0324459
64.5 28.5 0.0306475
64.5 29.5 0.028683
64.5 30.5 0.0265844
64.5 31.5 0.0243916
64.5 32.5 0.0221535
64.5 33.5 0.0199284
64.5 34.5 0.0177821
64.5 35.5 0.0157821
64.5 36.5 0.0139814
64.5 37.5 0.0123811
64.5 38.5 0.0109605
64.5 39.5 0.00969157
64.5 40.5 0.00854619
64.5 41.5 0.00749906
64.5 42.5 0.00652868
64.5 43.5 0.00561735
64.5 44.5 0.00475083
64.5 45.5 0.00391781
64.5 46.5 0.00310936
64.5 47.5 0.00231845
64.5 48.5 0.00153951
64.5 49.5 0.000767982
67.5 0.5 0.00353563
67.5 1.5 0.00705222
67.5 2.5 0.0105308
67.5 3.5 0.0139525
67.5 4.5 0.0172985
67.5 5.5 0.0205503
67.5 6.5 0.0236897
67.5 7.5 0.0266987
67.5 8.5 0.0295597
67.5 9.5 0.0322553
67.5 10.5 0.034769
67.5 11.5 0.0370843
67.5 12.5 0.0391857
67.5 13.5 0.0410579
67.5 14.5 0.0426865
67.5 15.5 0.0440579
67.5 16.5 0.0451591
67.5 17.5 0.0459781
67.5 18.5 0.0465039
67.5 19.5 0.0467266
67.5 20.5 0.0466376
67.5 21.5 0.0462297
67.5 22.5 0.0454974
67.5 23.5 0.0444372
67.5 24.5 0.043048
67.5 25.5 0.0413316
67.5 26.5 0.0392934
67.5 27.5 0.036943
67.5 28.5 0.0342961
67.5 29.5 0.0313757
67.5 30.5 0.028215
67.5 31.5 0.0248619
67.5 32.5 0.0213859
67.5 33.5 0.0178907
67.5 34.5 0.0145359
67.5 35.5 0.0115765
67.5 36.5 0.0094362
67.5 37.5 0.00783932
67.5 38.5 0.00660883
67.5 39.5 0.00562913
67.5 40.5 0.00482351
67.5 41.5 0.00414021
67.5 42.5 0.00354372
67.5 43.5 0.00300932
67.5 44.5 0.00251951
67.5 45.5 0.00206172
67.5 46.5 0.00162677
67.5 47.5 0.00120785
67.5 48.5 0.000799734
67.5 49.5 0.00039828
70.5 0.5 0.00433635
70.5 1.5 0.00864957
70.5 2.5 0.0129166
70.5 3.5 0.0171144
70.5 4.5 0.0212203
70.5 5.5 0.0252117
70.5 6.5 0.0290662
70.5 7.5 0.0327619
70.5 8.5 0.0362772
70.5 9.5 0.0395909
70.5 10.5 0.0426823
70.5 11.5 0.0455312
70.5 12.5 0.0481178
70.5 13.5 0.0504232
70.5 14.5 0.0524287
70.5 15.5 0.0541165
70.5 16.5 0.0554694
70.5 17.5 0.0564709
70.5 18.5 0.057105
70.5 19.5 0.0573569
70.5 20.5 0.0572123
70.5 21.5 0.0566577
70.5 22.5 0.0556808
70.5 23.5 0.0542702
70.5 24.5 0.0524158
70.5 25.5 0.0501088
70.5 26.5 0.0473419
70.5 27.5 0.0441093
70.5 28.5 0.0404067
70.5 29.5 0.0362309
70.5 30.5 0.0315775
70.5 31.5 0.0264379
70.5 32.5 0.0207913
70.5 33.5 0.0145898
70.5 34.5 0.00772998
73.5 0.5 0.00534526
73.5 1.5 0.0106628
73.5 2.5 0.0159249
73.5 3.5 0.0211041
73.5 4.5 0.026173
73.5 5.5 0.0311045
73.5 6.5 0.0358719
73.5 7.5 0.0404487
73.5 8.5 0.044809
73.5 9.5 0.0489272
73.5 10.5 0.0527784
73.5 11.5 0.0563379
73.5 12.5 0.0595819
73.5 13.5 0.062487
73.5 14.5 0.0650303
73.5 15.5 0.0671895
73.5 16.5 0.0689429
73.5 17.5 0.070269
73.5 18.5 0.071147
73.5 19.5 0.0715562
73.5 20.5 0.0714762
73.5 21.5 0.0708867
73.5 22.5 0.0697674
73.5 23.5 0.0680978
73.5 24.5 0.0658574
73.5 25.5 0.0630255
73.5 26.5 0.0595813
73.5 27.5 0.0555047
73.5 28.5 0.0507773
73.5 29.5 0.0453838
73.5 30.5 0.039316
73.5 31.5 0.0325771
73.5 32.5 0.025191
73.5 33.5 0.0172141
73.5 34.5 0.00875513
76.5 0.5 0.0066038
76.5 1.5 0.0131747
76.5 2.5 0.0196798
76.5 3.5 0.0260864
76.5 4.5 0.0323621
76.5 5.5 0.0384747
76.5 6.5 0.0443926
76.5 7.5 0.0500844
76.5 8.5 0.0555195
76.5 9.5 0.0606674
76.5 10.5 0.0654988
76.5 11.5 0.0699846
76.5 12.5 0.0740965
76.5 13.5 0.0778069
76.5 14.5 0.0810887
76.5 15.5 0.0839155
76.5 16.5 0.0862614
76.5 17.5 0.0881007
76.5 18.5 0.0894081
76.5 19.5 0.0901583
76.5 20.5 0.0903257
76.5 21.5 0.0898841
76.5 22.5 0.0888061
76.5 23.5 0.0870629
76.5 24.5 0.0846232
76.5 25.5 0.0814523
76.5 26.5 0.0775119
76.5 27.5 0.0727582
76.5 28.5 0.0671416
76.5 29.5 0.0606068
76.5 30.5 0.0530935
76.5 31.5 0.0445423
76.5 32.5 0.0349063
76.5 33.5 0.0241782
76.5 34.5 0.0124453
79.5 0.5 0.00815874
79.5 1.5 0.0162786
79.5 2.5 0.0243208
79.5 3.5 0.0322469
79.5 4.5 0.0400185
79.5 5.5 0.047598
79.5 6.5 0.0549479
79.5 7.5 0.0620316
79.5 8.5 0.0688131
79.5 9.5 0.0752572
79.5 10.5 0.0813294
79.5 11.5 0.0869962
79.5 12.5 0.0922249
79.5 13.5 0.0969839
79.5 14.5 0.101242
79.5 15.5 0.10497
79.5 16.5 0.108139
79.5 17.5 0.110719
79.5 18.5 0.112684
79.5 19.5 0.114006
79.5 20.5 0.114657
79.5 21.5 0.114609
79.5 22.5 0.113832
79.5 23.5 0.112297
79.5 24.5 0.109968
79.5 25.5 0.106806
79.5 26.5 0.102762
79.5 27.5 0.0977771
79.5 28.5 0.091771
79.5 29.5 0.0846351
79.5 30.5 0.0762126
79.5 31.5 0.0662708
79.5 32.5 0.054451
79.5 33.5 0.0401849
79.5 34.5 0.0225474
82.5 0.5 0.0100635
82.5 1.5 0.0200812
82.5 2.5 0.0300076
82.5 3.5 0.0397971
82.5 4.5 0.049405
82.5 5.5 0.0587869
82.5 6.5 0.0678991
82.5 7.5 0.0766988
82.5 8.5 0.085144
82.5 9.5 0.0931939
82.5 10.5 0.100809
82.5 11.5 0.10795
82.5 12.5 0.114581
82.5 13.5 0.120666
82.5 14.5 0.12617
82.5 15.5 0.131061
82.5 16.5 0.135308
82.5 17.5 0.13888
82.5 18.5 0.14175
82.5 19.5 0.143891
82.5 20.5 0.145277
82.5 21.5 0.145885
82.5 22.5 0.145691
82.5 23.5 0.144675
82.5 24.5 0.142815
82.5 25.5 0.140091
82.5 26.5 0.136486
82.5 27.5 0.131983
82.5 28.5 0.12657
82.5 29.5 0.120242
82.5 30.5 0.113006
82.5 31.5 0.104901
82.5 32.5 0.0960135
82.5 33.5 0.0865334
82.5 34.5 0.0768386
82.5 35.5 0.0676629
82.5 36.5 0.0604072
82.5 37.5 0.0543787
82.5 38.5 0.049138
82.5 39.5 0.0444028
82.5 40.5 0.0399901
82.5 41.5 0.0357803
82.5 42.5 0.0316948
82.5 43.5 0.0276825
82.5 44.5 0.02371
82.5 45.5 0.0197564
82.5 46.5 0.0158092
82.5 47.5 0.0118616
82.5 48.5 0.00791074
82.5 49.5 0.00395642
85.5 0.5 0.0123802
85.5 1.5 0.0247065
85.5 2.5 0.036925
85.5 3.5 0.0489824
85.5 4.5 0.0608258
85.5 5.5 0.0724032
85.5 6.5 0.0836633
85.5 7.5 0.094556
85.5 8.5 0.105033
85.5 9.5 0.115046
85.5 10.5 0.124549
85.5 11.5 0.133499
85.5 12.5 0.141854
85.5 13.5 0.149572
85.5 14.5 0.156617
85.5 15.5 0.162952
85.5 16.5 0.168544
85.5 17.5 0.173362
85.5 18.5 0.177377
85.5 19.5 0.180566
85.5 20.5 0.182904
85.5 21.5 0.184373
85.5 22.5 0.184958
85.5 23.5 0.184646
85.5 24.5 0.183431
85.5 25.5 0.181311
85.5 26.5 0.178291
85.5 27.5 0.174382
85.5 28.5 0.169609
85.5 29.5 0.164008
85.5 30.5 0.157634
85.5 31.5 0.150566
85.5 32.5 0.142912
85.5 33.5 0.134815
85.5 34.5 0.126457
85.5 35.5 0.118046
85.5 36.5 0.109768
85.5 37.5 0.101668
85.5 38.5 0.0937267
85.5 39.5 0.0859035
85.5 40.5 0.0781545
85.5 41.5 0.0704408
85.5 42.5 0.062732
85.5 43.5 0.0550062
85.5 44.5 0.0472497
85.5 45.5 0.0394555
85.5 46.5 0.031622
85.5 47.5 0.0237523
85.5 48.5 0.0158527
85.5 49.5 0.00793185
88.5 0.5 0.0151826
88.5 1.5 0.0303014
88.5 2.5 0.0452927
88.5 3.5 0.0600935
88.5 4.5 0.0746414
88.5 5.5 0.0888748
88.5 6.5 0.102734
88.5 7.5 0.116159
88.5 8.5 0.129093
88.5 9.5 0.141482
88.5 10.5 0.153271
88.5 11.5 0.16441
88.5 12.5 0.17485
88.5 13.5 0.184545
88.5 14.5 0.193452
88.5 15.5 0.201531
88.5 16.5 0.208746
88.5 17.5 0.215063
88.5 18.5 0.220453
88.5 19.5 0.22489
88.5 20.5 0.228352
88.5 21.5 0.230823
88.5 22.5 0.232291
88.5 23.5 0.232749
88.5 24.5 0.232196
88.5 25.5 0.230637
88.5 26.5 0.228085
88.5 27.5 0.224562
88.5 28.5 0.220097
88.5 29.5 0.21473
88.5 30.5 0.208512
88.5 31.5 0.201507
88.5 32.5 0.19379
88.5 33.5 0.185444
88.5 34.5 0.17656
88.5 35.5 0.16723
88.5 36.5 0.157532
88.5 37.5 0.147526
88.5 38.5 0.137252
88.5 39.5 0.126737
88.5 40.5 0.116001
88.5 41.5 0.105058
88.5 42.5 0.0939215
88.5 43.5 0.0826067
88.5 44.5 0.0711293
88.5 45.5 0.0595073
88.5 46.5 0.047761
88.5 47.5 0.0359125
88.5 48.5 0.0239858
88.5 49.5 0.0120062
91.5 0.5 0.0185596
91.5 1.5 0.0370433
91.5 2.5 0.0553755
91.5 3.5 0.0734813
91.5 4.5 0.0912866
91.5 5.5 0.108718
91.5 6.5 0.125706
91.5 7.5 0.142178
91.5 8.5 0.158069
91.5 9.5 0.173313
91.5 10.5 0.187847
91.5 11.5 0.201611
91.5 12.5 0.214549
91.5 13.5 0.226608
91.5 14.5 0.237737
91.5 15.5 0.247891
91.5 16.5 0.257028
91.5 17.5 0.26511
91.5 18.5 0.272105
91.5 19.5 0.277983
91.5 20.5 0.282722
91.5 21.5 0.286304
91.5 22.5 0.288715
91.5 23.5 0.289951
91.5 24.5 0.290009
91.5 25.5 0.288897
91.5 26.5 0.286627
91.5 27.5 0.283219
91.5 28.5 0.278701
91.5 29.5 0.273106
91.5 30.5 0.266478
91.5 31.5 0.258865
91.5 32.5 0.250322
91.5 33.5 0.240909
91.5 34.5 0.230687
91.5 35.5 0.219721
91.5 36.5 0.208071
91.5 37.5 0.195795
91.5 38.5 0.182943
91.5 39.5 0.169566
91.5 40.5 0.155708
91.5 41.5 0.141411
91.5 42.5 0.126719
91.5 43.5 0.111671
91.5 44.5 0.0963103
91.5 45.5 0.0806786
91.5 46.5 0.0648192
91.5 47.5 0.0487763
91.5 48.5 0.0325949
91.5 49.5 0.0163207
94.5 0.5 0.0226196
94.5 1.5 0.0451484
94.5 2.5 0.0674964
94.5 3.5 0.0895738
94.5 4.5 0.111292
94.5 5.5 0.132565
94.5 6.5 0.153307
94.5 7.5 0.173435
94.5 8.5 0.192869
94.5 9.5 0.211532
94.5 10.5 0.229348
94.5 11.5 0.246248
94.5 12.5 0.262165
94.5 13.5 0.277035
94.5 14.5 0.2908
94.5 15.5 0.303405
94.5 16.5 0.314803
94.5 17.5 0.324948
94.5 18.5 0.333802
94.5 19.5 0.341331
94.5 20.5 0.347509
94.5 21.5 0.352313
94.5 22.5 0.355728
94.5 23.5 0.357744
94.5 24.5 0.35836
94.5 25.5 0.357578
94.5 26.5 0.35541
94.5 27.5 0.351871
94.5 28.5 0.346987
94.5 29.5 0.340788
94.5 30.5 0.333309
94.5 31.5 0.324593
94.5 32.5 0.314687
94.5 33.5 0.303644
94.5 34.5 0.291518
94.5 35.5 0.278368
94.5 36.5 0.264252
94.5 37.5 0.249233
94.5 38.5 0.23337
94.5 39.5 0.216724
94.5 40.5 0.199358
94.5 41.5 0.181333
94.5 42.5 0.162711
94.5 43.5 0.143555
94.5 44.5 0.123929
94.5 45.5 0.103899
94.5 46.5 0.0835291
94.5 47.5 0.0628866
94.5 48.5 0.0420388
94.5 49.5 0.0210538
97.5 0.5 0.0274955
97.5 1.5 0.0548822
97.5 2.5 0.0820517
97.5 3.5 0.108897
97.5 4.5 0.135311
97.5 5.5 0.16119
97.5 6.5 0.186432
97.5 7.5 0.210939
97.5 8.5 0.234613
97.5 9.5 0.257363
97.5 10.5 0.279099
97.5 11.5 0.299738
97.5 12.5 0.319199
97.5 13.5 0.337408
97.5 14.5 0.354295
97.5 15.5 0.369794
97.5 16.5 0.383849
97.5 17.5 0.396406
97.5 18.5 0.407419
97.5 19.5 0.416848
97.5 20.5 0.424658
97.5 21.5 0.430824
97.5 22.5 0.435325
97.5 23.5 0.438148
97.5 24.5 0.439286
97.5 25.5 0.438741
97.5 26.5 0.43652
97.5 27.5 0.432637
97.5 28.5 0.427116
97.5 29.5 0.419983
97.5 30.5 0.411273
97.5 31.5 0.401028
97.5 32.5 0.389294
97.5 33.5 0.376122
97.5 34.5 0.36157
97.5 35.5 0.345699
97.5 36.5 0.328574
97.5 37.5 0.310262
97.5 38.5 0.290836
97.5 39.5 0.270369
97.5 40.5 0.248939
97.5 41.5 0.226624
97.5 42.5 0.203506
97.5 43.5 0.179667
97.5 44.5 0.155194
97.5 45.5 0.130173
97.5 46.5 0.104693
97.5 47.5 0.0788444
97.5 48.5 0.0527177
97.5 49.5 0.0264054
100.5 0.5 0.0333511
100.5 1.5 0.066571
100.5 2.5 0.0995289
100.5 3.5 0.132096
100.5 4.5 0.164143
100.5 5.5 0.195546
100.5 6.5 0.226182
100.5 7.5 0.255931
100.5 8.5 0.284679
100.5 9.5 0.312314
100.5 10.5 0.33873
100.5 11.5 0.363826
100.5 12.5 0.387507
100.5 13.5 0.409682
100.5 14.5 0.430269
100.5 15.5 0.44919
100.5 16.5 0.466376
100.5 17.5 0.481763
100.5 18.5 0.495296
100.5 19.5 0.506926
100.5 20.5 0.516612
100.5 21.5 0.524321
100.5 22.5 0.530027
100.5 23.5 0.533711
100.5 24.5 0.535366
100.5 25.5 0.534986
100.5 26.5 0.53258
100.5 27.5 0.528159
100.5 28.5 0.521745
100.5 29.5 0.513366
100.5 30.5 0.503059
100.5 31.5 0.490865
100.5 32.5 0.476835
100.5 33.5 0.461025
100.5 34.5 0.443497
100.5 35.5 0.424321
100.5 36.5 0.40357
100.5 37.5 0.381324
100.5 38.5 0.357667
100.5 39.5 0.332689
100.5 40.5 0.306483
100.5 41.5 0.279147
100.5 42.5 0.250782
100.5 43.5 0.221493
100.5 44.5 0.191388
100.5 45.5 0.160579
100.5 46.5 0.129178
100.5 47.5 0.0973023
100.5 48.5 0.0650679
100.5 49.5 0.032594
103.5 0.5 0.0403879
103.5 1.5 0.0806168
103.5 2.5 0.120529
103.5 3.5 0.159967
103.5 4.5 0.198777
103.5 5.5 0.236807
103.5 6.5 0.273909
103.5 7.5 0.30994
103.5 8.5 0.34476
103.5 9.5 0.378237
103.5 10.5 0.410242
103.5 11.5 0.440655
103.5 12.5 0.469361
103.5 13.5 0.496253
103.5 14.5 0.521232
103.5 15.5 0.544205
103.5 16.5 0.56509
103.5 17.5 0.58381
103.5 18.5 0.6003
103.5 19.5 0.6145
103.5 20.5 0.626362
103.5 21.5 0.635845
103.5 22.5 0.642916
103.5 23.5 0.647554
103.5 24.5 0.649744
103.5 25.5 0.649481
103.5 26.5 0.646769
103.5 27.5 0.641621
103.5 28.5 0.634059
103.5 29.5 0.624112
103.5 30.5 0.61182
103.5 31.5 0.597229
103.5 32.5 0.580396
103.5 33.5 0.561384
103.5 34.5 0.540263
103.5 35.5 0.517114
103.5 36.5 0.492022
103.5 37.5 0.465081
103.5 38.5 0.436391
103.5 39.5 0.40606
103.5 40.5 0.374199
103.5 41.5 0.340929
103.5 42.5 0.306372
103.5 43.5 0.27066
103.5 44.5 0.233925
103.5 45.5 0.196306
103.5 46.5 0.157944
103.5 47.5 0.118985
103.5 48.5 0.0795744
103.5 49.5 0.0398627
106.5 0.5 0.0488549
106.5 1.5 0.0975165
106.5 2.5 0.145792
106.5 3.5 0.193492
106.5 4.5 0.240428
106.5 5.5 0.286417
106.5 6.5 0.331279
106.5 7.5 0.374841
106.5 8.5 0.416936
106.5 9.5 0.457402
106.5 10.5 0.496087
106.5 11.5 0.532845
106.5 12.5 0.567541
106.5 13.5 0.600046
106.5 14.5 0.630242
106.5 15.5 0.65802
106.5 16.5 0.683282
106.5 17.5 0.705937
106.5 18.5 0.725907
106.5 19.5 0.743124
106.5 20.5 0.757527
106.5 21.5 0.769069
106.5 22.5 0.777712
106.5 23.5 0.783427
106.5 24.5 0.786197
106.5 25.5 0.786015
106.5 26.5 0.782883
106.5 27.5 0.776814
106.5 28.5 0.767831
106.5 29.5 0.755967
106.5 30.5 0.741266
106.5 31.5 0.72378
106.5 32.5 0.703572
106.5 33.5 0.680715
106.5 34.5 0.65529
106.5 35.5 0.62739
106.5 36.5 0.597116
106.5 37.5 0.564577
106.5 38.5 0.529893
106.5 39.5 0.493191
106.5 40.5 0.454606
106.5 41.5 0.414282
106.5 42.5 0.37237
106.5 43.5 0.329029
106.5 44.5 0.284421
106.5 45.5 0.238716
106.5 46.5 0.192091
106.5 47.5 0.144722
106.5 48.5 0.096794
106.5 49.5 0.0484909
109.5 0.5 0.059062
109.5 1.5 0.117888
109.5 2.5 0.176241
109.5 3.5 0.233891
109.5 4.5 0.290607
109.5 5.5 0.346166
109.5 6.5 0.400352
109.5 7.5 0.452952
109.5 8.5 0.503766
109.5 9.5 0.552599
109.5 10.5 0.599269
109.5 11.5 0.643602
109.5 12.5 0.685436
109.5 13.5 0.72462
109.5 14.5 0.761013
109.5 15.5 0.794488
109.5 16.5 0.824929
109.5 17.5 0.852231
109.5 18.5 0.876302
109.5 19.5 0.897063
109.5 20.5 0.914444
109.5 21.5 0.92839
109.5 22.5 0.938855
109.5 23.5 0.945807
109.5 24.5 0.949225
109.5 25.5 0.949098
109.5 26.5 0.94543
109.5 27.5 0.938233
109.5 28.5 0.927532
109.5 29.5 0.913363
109.5 30.5 0.895776
109.5 31.5 0.874828
109.5 32.5 0.850592
109.5 33.5 0.823151
109.5 34.5 0.792597
109.5 35.5 0.759038
109.5 36.5 0.722591
109.5 37.5 0.683384
109.5 38.5 0.641558
109.5 39.5 0.597264
109.5 40.5 0.550663
109.5 41.5 0.501928
109.5 42.5 0.451241
109.5 43.5 0.398793
109.5 44.5 0.344784
109.5 45.5 0.289421
109.5 46.5 0.23292
109.5 47.5 0.1755
109.5 48.5 0.117387
109.5 49.5 0.0588098
112.5 0.5 0.071398
112.5 1.5 0.142504
112.5 2.5 0.21303
112.5 3.5 0.282687
112.5 4.5 0.351197
112.5 5.5 0.418285
112.5 6.5 0.483686
112.5 7.5 0.547145
112.5 8.5 0.608417
112.5 9.5 0.66727
112.5 10.5 0.723484
112.5 11.5 0.776854
112.5 12.5 0.827187
112.5 13.5 0.874307
112.5 14.5 0.918049
112.5 15.5 0.958266
112.5 16.5 0.994823
112.5 17.5 1.0276
112.5 18.5 1.0565
112.5 19.5 1.08142
112.5 20.5 1.10228
112.5 21.5 1.11903
112.5 22.5 1.13162
112.5 23.5 1.14
112.5 24.5 1.14415
112.5 25.5 1.14406
112.5 26.5 1.13974
112.5 27.5 1.13119
112.5 28.5 1.11844
112.5 29.5 1.10153
112.5 30.5 1.08052
112.5 31.5 1.05548
112.5 32.5 1.02647
112.5 33.5 0.993592
112.5 34.5 0.956956
112.5 35.5 0.916681
112.5 36.5 0.872901
112.5 37.5 0.825766
112.5 38.5 0.775438
112.5 39.5 0.722095
112.5 40.5 0.665929
112.5 41.5 0.607144
112.5 42.5 0.54596
112.5 43.5 0.482607
112.5 44.5 0.417327
112.5 45.5 0.350376
112.5 46.5 0.282015
112.5 47.5 0.212516
112.5 48.5 0.142158
112.5 49.5 0.0712233
115.5 0.5 0.0863579
115.5 1.5 0.172353
115.5 2.5 0.257624
115.5 3.5 0.341817
115.5 4.5 0.424584
115.5 5.5 0.505587
115.5 6.5 0.584503
115.5 7.5 0.661019
115.5 8.5 0.73484
115.5 9.5 0.805688
115.5 10.5 0.8733
115.5 11.5 0.937434
115.5 12.5 0.997865
115.5 13.5 1.05439
115.5 14.5 1.10682
115.5 15.5 1.15498
115.5 16.5 1.19873
115.5 17.5 1.23793
115.5 18.5 1.27247
115.5 19.5 1.30224
115.5 20.5 1.32717
115.5 21.5 1.34718
115.5 22.5 1.36222
115.5 23.5 1.37224
115.5 24.5 1.37723
115.5 25.5 1.37717
115.5 26.5 1.37206
115.5 27.5 1.36192
115.5 28.5 1.34677
115.5 29.5 1.32665
115.5 30.5 1.30162
115.5 31.5 1.27176
115.5 32.5 1.23714
115.5 33.5 1.19788
115.5 34.5 1.15407
115.5 35.5 1.10587
115.5 36.5 1.05341
115.5 37.5 0.996881
115.5 38.5 0.936453
115.5 39.5 0.872338
115.5 40.5 0.804759
115.5 41.5 0.733959
115.5 42.5 0.660198
115.5 43.5 0.583755
115.5 44.5 0.504924
115.5 45.5 0.424015
115.5 46.5 0.341351
115.5 47.5 0.257268
115.5 48.5 0.172112
115.5 49.5 0.0862369
118.5 0.5 0.104586
118.5 1.5 0.208712
118.5 2.5 0.311926
118.5 3.5 0.41378
118.5 4.5 0.513839
118.5 5.5 0.611684
118.5 6.5 0.706915
118.5 7.5 0.799149
118.5 8.5 0.88803
118.5 9.5 0.973224
118.5 10.5 1.05442
118.5 11.5 1.13134
118.5 12.5 1.20372
118.5 13.5 1.27133
118.5 14.5 1.33396
118.5 15.5 1.39143
118.5 16.5 1.44356
118.5 17.5 1.49024
118.5 18.5 1.53132
118.5 19.5 1.5667
118.5 20.5 1.59631
118.5 21.5 1.62006
118.5 22.5 1.63792
118.5 23.5 1.64983
118.5 24.5 1.65577
118.5 25.5 1.65572
118.5 26.5 1.6497
118.5 27.5 1.63771
118.5 28.5 1.61978
118.5 29.5 1.59595
118.5 30.5 1.56627
118.5 31.5 1.53083
118.5 32.5 1.48969
118.5 33.5 1.44297
118.5 34.5 1.3908
118.5 35.5 1.3333
118.5 36.5 1.27065
118.5 37.5 1.20304
118.5 38.5 1.13066
118.5 39.5 1.05375
118.5 40.5 0.97258
118.5 41.5 0.887419
118.5 42.5 0.79858
118.5 43.5 0.706396
118.5 44.5 0.611225
118.5 45.5 0.513445
118.5 46.5 0.413457
118.5 47.5 0.31168
118.5 48.5 0.208546
118.5 49.5 0.104502
121.5 0.5 0.126942
121.5 1.5 0.253292
121.5 2.5 0.378467
121.5 3.5 0.501893
121.5 4.5 0.62302
121.5 5.5 0.741318
121.5 6.5 0.856288
121.5 7.5 0.967462
121.5 8.5 1.07441
121.5 9.5 1.17673
121.5 10.5 1.27406
121.5 11.5 1.36608
121.5 12.5 1.45251
121.5 13.5 1.53308
121.5 14.5 1.60758
121.5 15.5 1.67582
121.5 16.5 1.73762
121.5 17.5 1.79286
121.5 18.5 1.84141
121.5 19.5 1.88318
121.5 20.5 1.91809
121.5 21.5 1.94609
121.5 22.5 1.96711
121.5 23.5 1.98114
121.5 24.5 1.98814
121.5 25.5 1.98811
121.5 26.5 1.98105
121.5 27.5 1.96697
121.5 28.5 1.94589
121.5 29.5 1.91784
121.5 30.5 1.88288
121.5 31.5 1.84107
121.5 32.5 1.79248
121.5 33.5 1.73721
121.5 34.5 1.67538
121.5 35.5 1.60713
121.5 36.5 1.53262
121.5 37.5 1.45204
121.5 38.5 1.36561
121.5 39.5 1.2736
121.5 40.5 1.17628
121.5 41.5 1.07398
121.5 42.5 0.967068
121.5 43.5 0.855929
121.5 44.5 0.741
121.5 45.5 0.622747
121.5 46.5 0.50167
121.5 47.5 0.378296
121.5 48.5 0.253177
121.5 49.5 0.126884
124.5 0.5 0.15462
124.5 1.5 0.308456
124.5 2.5 0.460736
124.5 3.5 0.610709
124.5 4.5 0.757658
124.5 5.5 0.900906
124.5 6.5 1.03982
124.5 7.5 1.17384
124.5 8.5 1.30242
124.5 9.5 1.42511
124.5 10.5 1.54149
124.5 11.5 1.65121
124.5 12.5 1.75397
124.5 13.5 1.8495
124.5 14.5 1.9376
124.5 15.5 2.01807
124.5 16.5 2.0908
124.5 17.5 2.15564
124.5 18.5 2.21253
124.5 19.5 2.26138
124.5 20.5 2.30216
124.5 21.5 2.33481
124.5 22.5 2.35931
124.5 23.5 2.37565
124.5 24.5 2.38381
124.5 25.5 2.38379
124.5 26.5 2.37559
124.5 27.5 2.35921
124.5 28.5 2.33467
124.5 29.5 2.30198
124.5 30.5 2.26118
124.5 31.5 2.21229
124.5 32.5 2.15538
124.5 33.5 2.09051
124.5 34.5 2.01777
124.5 35.5 1.93728
124.5 36.5 1.84918
124.5 37.5 1.75364
124.5 38.5 1.65089
124.5 39.5 1.54117
124.5 40.5 1.4248
124.5 41.5 1.30212
124.5 42.5 1.17356
124.5 43.5 1.03958
124.5 44.5 0.900686
124.5 45.5 0.757469
124.5 46.5 0.610554
124.5 47.5 0.460618
124.5 48.5 0.308377
124.5 49.5 0.15458
127.5 0.5 0.189355
127.5 1.5 0.37763
127.5 2.5 0.563765
127.5 3.5 0.746742
127.5 4.5 0.925605
127.5 5.5 1.09947
127.5 6.5 1.26753
127.5 7.5 1.42907
127.5 8.5 1.58348
127.5 9.5 1.73023
127.5 10.5 1.86887
127.5 11.5 1.99903
127.5 12.5 2.12044
127.5 13.5 2.23287
127.5 14.5 2.33615
127.5 15.5 2.43016
127.5 16.5 2.51483
127.5 17.5 2.59009
127.5 18.5 2.65593
127.5 19.5 2.71233
127.5 20.5 2.75931
127.5 21.5 2.79686
127.5 22.5 2.82501
127.5 23.5 2.84376
127.5 24.5 2.85313
127.5 25.5 2.85311
127.5 26.5 2.84372
127.5 27.5 2.82494
127.5 28.5 2.79677
127.5 29.5 2.75919
127.5 30.5 2.71219
127.5 31.5 2.65576
127.5 32.5 2.58991
127.5 33.5 2.51463
127.5 34.5 2.42996
127.5 35.5 2.33594
127.5 36.5 2.23265
127.5 37.5 2.12022
127.5 38.5 1.99881
127.5 39.5 1.86864
127.5 40.5 1.73001
127.5 41.5 1.58328
127.5 42.5 1.42888
127.5 43.5 1.26735
127.5 44.5 1.09931
127.5 45.5 0.925474
127.5 46.5 0.746635
127.5 47.5 0.563683
127.5 48.5 0.377575
127.5 49.5 0.189328
130.5 0.5 0.233817
130.5 1.5 0.466062
130.5 2.5 0.69521
130.5 3.5 0.919817
130.5 4.5 1.13856
130.5 5.5 1.35025
130.5 6.5 1.55386
130.5 7.5 1.74852
130.5 8.5 1.93353
130.5 9.5 2.10832
130.5 10.5 2.27247
130.5 11.5 2.42568
130.5 12.5 2.56776
130.5 13.5 2.69859
130.5 14.5 2.81813
130.5 15.5 2.9264
130.5 16.5 3.02345
130.5 17.5 3.10936
130.5 18.5 3.18423
130.5 19.5 3.24816
130.5 20.5 3.30124
130.5 21.5 3.34359
130.5 22.5 3.37526
130.5 23.5 3.39634
130.5 24.5 3.40687
130.5 25.5 3.40686
130.5 26.5 3.39631
130.5 27.5 3.37522
130.5 28.5 3.34352
130.5 29.5 3.30116
130.5 30.5 3.24806
130.5 31.5 3.18412
130.5 32.5 3.10924
130.5 33.5 3.02332
130.5 34.5 2.92626
130.5 35.5 2.81798
130.5 36.5 2.69843
130.5 37.5 2.5676
130.5 38.5 2.42553
130.5 39.5 2.27232
130.5 40.5 2.10817
130.5 41.5 1.93339
130.5 42.5 1.74839
130.5 43.5 1.55374
130.5 44.5 1.35014
130.5 45.5 1.13847
130.5 46.5 0.919742
130.5 47.5 0.695153
130.5 48.5 0.466024
130.5 49.5 0.233798
133.5 0.5 0.292419
133.5 1.5 0.582379
133.5 2.5 0.867524
133.5 3.5 1.14569
133.5 4.5 1.41497
133.5 5.5 1.67374
133.5 6.5 1.92071
133.5 7.5 2.15488
133.5 8.5 2.37551
133.5 9.5 2.58215
133.5 10.5 2.77453
133.5 11.5 2.95256
133.5 12.5 3.1163
133.5 13.5 3.26589
133.5 14.5 3.40157
133.5 15.5 3.52362
133.5 16.5 3.63234
133.5 17.5 3.72803
133.5 18.5 3.811
133.5 19.5 3.88153
133.5 20.5 3.93989
133.5 21.5 3.98629
133.5 22.5 4.02092
133.5 23.5 4.04393
133.5 24.5 4.05541
133.5 25.5 4.0554
133.5 26.5 4.04391
133.5 27.5 4.02089
133.5 28.5 3.98624
133.5 29.5 3.93983
133.5 30.5 3.88146
133.5 31.5 3.81092
133.5 32.5 3.72794
133.5 33.5 3.63224
133.5 34.5 3.52352
133.5 35.5 3.40147
133.5 36.5 3.26578
133.5 37.5 3.11619
133.5 38.5 2.95245
133.5 39.5 2.77442
133.5 40.5 2.58205
133.5 41.5 2.37542
133.5 42.5 2.15479
133.5 43.5 1.92063
133.5 44.5 1.67367
133.5 45.5 1.4149
133.5 46.5 1.14564
133.5 47.5 0.867485
133.5 48.5 0.582353
133.5 49.5 0.292406
136.5 0.5 0.37315
136.5 1.5 0.74203
136.5 2.5 1.10266
136.5 3.5 1.45156
136.5 4.5 1.78589
136.5 5.5 2.10349
136.5 6.5 2.40283
136.5 7.5 2.68299
136.5 8.5 2.9435
136.5 9.5 3.18433
136.5 10.5 3.40571
136.5 11.5 3.6081
136.5 12.5 3.7921
136.5 13.5 3.9584
136.5 14.5 4.10774
136.5 15.5 4.24085
136.5 16.5 4.35844
136.5 17.5 4.46118
136.5 18.5 4.54968
136.5 19.5 4.6245
136.5 20.5 4.68611
136.5 21.5 4.73492
136.5 22.5 4.77123
136.5 23.5 4.79531
136.5 24.5 4.8073
136.5 25.5 4.8073
136.5 26.5 4.79529
136.5 27.5 4.77121
136.5 28.5 4.73488
136.5 29.5 4.68607
136.5 30.5 4.62446
136.5 31.5 4.54963
136.5 32.5 4.46112
136.5 33.5 4.35838
136.5 34.5 4.24078
136.5 35.5 4.10767
136.5 36.5 3.95833
136.5 37.5 3.79202
136.5 38.5 3.60802
136.5 39.5 3.40564
136.5 40.5 3.18426
136.5 41.5 2.94344
136.5 42.5 2.68292
136.5 43.5 2.40277
136.5 44.5 2.10344
136.5 45.5 1.78585
136.5 46.5 1.45152
136.5 47.5 1.10263
136.5 48.5 0.742012
136.5 49.5 0.373141
139.5 0.5 0.492306
139.5 1.5 0.975951
139.5 2.5 1.44334
139.5 3.5 1.88855
139.5 4.5 2.30743
139.5 5.5 2.6975
139.5 6.5 3.05765
139.5 7.5 3.38783
139.5 8.5 3.68873
139.5 9.5 3.96155
139.5 10.5 4.2078
139.5 11.5 4.42911
139.5 12.5 4.62717
139.5 13.5 4.80362
139.5 14.5 4.96
139.5 15.5 5.09776
139.5 16.5 5.21819
139.5 17.5 5.32245
139.5 18.5 5.41155
139.5 19.5 5.48636
139.5 20.5 5.54762
139.5 21.5 5.59591
139.5 22.5 5.63173
139.5 23.5 5.65541
139.5 24.5 5.6672
139.5 25.5 5.66719
139.5 26.5 5.6554
139.5 27.5 5.63171
139.5 28.5 5.59589
139.5 29.5 5.54759
139.5 30.5 5.48633
139.5 31.5 5.41151
139.5 32.5 5.32241
139.5 33.5 5.21815
139.5 34.5 5.09771
139.5 35.5 4.95995
139.5 36.5 4.80357
139.5 37.5 4.62712
139.5 38.5 4.42906
139.5 39.5 4.20775
139.5 40.5 3.9615
139.5 41.5 3.68868
139.5 42.5 3.38778
139.5 43.5 3.05761
139.5 44.5 2.69747
139.5 45.5 2.3074
139.5 46.5 1.88853
139.5 47.5 1.44333
139.5 48.5 0.975939
139.5 49.5 0.4923
142.5 0.5 0.689408
142.5 1.5 1.35614
142.5 2.5 1.98372
142.5 3.5 2.56247
142.5 4.5 3.08825
142.5 5.5 3.56079
142.5 6.5 3.98225
142.5 7.5 4.35615
142.5 8.5 4.68664
142.5 9.5 4.97798
142.5 10.5 5.2343
142.5 11.5 5.45942
142.5 12.5 5.65676
142.5 13.5 5.82937
142.5 14.5 5.9799
142.5 15.5 6.11062
142.5 16.5 6.22349
142.5 17.5 6.32016
142.5 18.5 6.40203
142.5 19.5 6.47024
142.5 20.5 6.52573
142.5 21.5 6.56927
142.5 22.5 6.60142
142.5 23.5 6.62263
142.5 24.5 6.63317
142.5 25.5 6.63316
142.5 26.5 6.62263
142.5 27.5 6.60141
142.5 28.5 6.56925
142.5 29.5 6.52571
142.5 30.5 6.47021
142.5 31.5 6.402
142.5 32.5 6.32014
142.5 33.5 6.22346
142.5 34.5 6.11059
142.5 35.5 5.97987
142.5 36.5 5.82934
142.5 37.5 5.65673
142.5 38.5 5.45938
142.5 39.5 5.23427
142.5 40.5 4.97795
142.5 41.5 4.68661
142.5 42.5 4.35612
142.5 43.5 3.98222
142.5 44.5 3.56077
142.5 45.5 3.08823
142.5 46.5 2.56246
142.5 47.5 1.98371
142.5 48.5 1.35613
142.5 49.5 0.689404
145.5 0.5 1.09058
145.5 1.5 2.08873
145.5 2.5 2.96352
145.5 3.5 3.71315
145.5 4.5 4.34828
145.5 5.5 4.88379
145.5 6.5 5.33484
145.5 7.5 5.71523
145.5 8.5 6.03684
145.5 9.5 6.30961
145.5 10.5 6.54167
145.5 11.5 6.73967
145.5 12.5 6.90897
145.5 13.5 7.05392
145.5 14.5 7.17803
145.5 15.5 7.28415
145.5 16.5 7.37457
145.5 17.5 7.45116
145.5 18.5 7.51541
145.5 19.5 7.56854
145.5 20.5 7.61149
145.5 21.5 7.64501
145.5 22.5 7.66969
145.5 23.5 7.68591
145.5 24.5 7.69396
145.5 25.5 7.69396
145.5 26.5 7.68591
145.5 27.5 7.66968
145.5 28.5 7.64501
145.5 29.5 7.61148
145.5 30.5 7.56852
145.5 31.5 7.5154
145.5 32.5 7.45115
145.5 33.5 7.37456
145.5 34.5 7.28413
145.5 35.5 7.17801
145.5 36.5 7.0539
145.5 37.5 6.90895
145.5 38.5 6.73965
145.5 39.5 6.54165
145.5 40.5 6.30959
145.5 41.5 6.03682
145.5 42.5 5.71521
145.5 43.5 5.33482
145.5 44.5 4.88377
145.5 45.5 4.34827
145.5 46.5 3.71314
145.5 47.5 2.96351
145.5 48.5 2.08872
145.5 49.5 1.09058
148.5 0.5 2.32371
148.5 1.5 3.93151
148.5 2.5 5.06979
148.5 3.5 5.89429
148.5 4.5 6.50496
148.5 5.5 6.96692
148.5 6.5 7.32333
148.5 7.5 7.60328
148.5 8.5 7.82672
148.5 9.5 8.00755
148.5 10.5 8.15566
148.5 11.5 8.27818
148.5 12.5 8.38033
148.5 13.5 8.466
148.5 14.5 8.53813
148.5 15.5 8.59895
148.5 16.5 8.65019
148.5 17.5 8.69318
148.5 18.5 8.72898
148.5 19.5 8.75839
148.5 20.5 8.78205
148.5 21.5 8.80046
148.5 22.5 8.81396
148.5 23.5 8.82282
148.5 24.5 8.82722
148.5 25.5 8.82722
148.5 26.5 8.82282
148.5 27.5 8.81396
148.5 28.5 8.80045
148.5 29.5 8.78205
148.5 30.5 8.75838
148.5 31.5 8.72897
148.5 32.5 8.69317
148.5 33.5 8.65018
148.5 34.5 8.59894
148.5 35.5 8.53812
148.5 36.5 8.46599
148.5 37.5 8.38032
148.5 38.5 8.27817
148.5 39.5 8.15565
148.5 40.5 8.00754
148.5 41.5 7.82671
148.5 42.5 7.60327
148.5 43.5 7.32333
148.5 44.5 6.96691
148.5 45.5 6.50495
148.5 46.5 5.89429
148.5 47.5 5.06978
148.5 48.5 3.93151
148.5 49.5 2.32371
